Is 39 GCD(390, 273)? - Yes.
Euclidean Algorithm:
390 = 273 * 1 + 117
273 = 117 * 2 + 39
117 = 39 * 3 + 0
Remainders can be expressed as:
117 = 390 - 273 * 1
39 = 273 - 117 * 2
0 = 117 - 39 * 3
Are 390 and 273 coprime? - No.
Because the Greatest Common Divisor of 390 and 273 is 39.
